0.362873077393
0.360965728760
0.308990478516
0.419139862061
0.437021255493
0.361204147339
0.355958938599
0.411033630371
0.366210937500
0.488042831421
0.444889068604
0.376939773560
0.530004501343
0.488996505737
0.380992889404
0.375032424927
0.384092330933
0.467061996460
0.370979309082
0.414848327637
0.388145446777
0.403165817261
0.437974929810
0.432968139648
0.391006469727
0.478029251099
0.364065170288
0.474929809570
0.395059585571
0.448942184448
0.396966934204
0.457048416138
0.438928604126
0.703096389771
0.575065612793
1.003026962280
0.657081604004
0.571012496948
0.583887100220
0.743150711060
0.699996948242
0.577926635742
0.586986541748
0.761985778809
0.716924667358
0.554084777832
0.391006469727
0.394821166992
0.406980514526
0.420093536377
0.376939773560
0.384092330933
0.378131866455
0.392913818359
0.387191772461
0.435113906860
0.576019287109
0.396013259888
0.417947769165
0.391006469727
0.400066375732
0.571012496948
0.556945800781
0.511884689331
0.559091567993
0.535964965820
0.549077987671
0.524997711182
0.542879104614
0.553846359253
0.533819198608
0.573158264160
0.553846359253
0.570058822632
0.519037246704
0.599861145020
0.567197799683
0.547170639038
0.546216964722
0.562191009521
0.571012496948
0.536918640137
0.560998916626
0.684976577759
0.579833984375
0.614881515503
0.576972961426
0.634908676147
0.581026077271
0.586986541748
0.591039657593
0.614166259766
0.580072402954
0.633001327515
0.586986541748
0.609874725342
0.564098358154
0.571012496948
0.592947006226
0.601053237915
