0.418901443481
0.530958175659
0.484943389893
0.504016876221
0.499963760376
0.518083572388
0.494003295898
0.528097152710
0.509977340698
0.514030456543
0.513076782227
0.492095947266
0.499963760376
0.530958175659
0.535011291504
0.512123107910
0.510215759277
0.520944595337
0.553846359253
0.514030456543
0.514030456543
0.513076782227
0.567913055420
0.535964965820
0.682115554810
0.441074371338
0.539064407349
0.480890274048
0.412940979004
1.508951187134
1.163005828857
0.528097152710
0.551939010620
0.554800033569
0.534057617188
0.669956207275
0.602960586548
0.503063201904
0.455141067505
0.513076782227
0.473976135254
0.648975372314
0.567913055420
0.517129898071
0.544071197510
0.466823577881
2.172231674194
0.478982925415
0.482082366943
0.468015670776
0.655889511108
0.535964965820
0.591039657593
0.530958175659
0.473976135254
0.550031661987
0.473022460938
0.596046447754
0.519037246704
0.689983367920
0.478982925415
0.471115112305
0.669956207275
0.665903091431
0.523090362549
0.540971755981
0.463008880615
0.694990158081
0.616073608398
0.646114349365
0.689029693604
0.611066818237
0.502824783325
0.554084777832
0.504016876221
0.482082366943
0.771045684814
0.610113143921
0.508069992065
0.605106353760
0.474929809570
0.627994537354
0.770092010498
0.557899475098
0.510931015015
0.474929809570
0.684976577759
0.617980957031
0.576972961426
0.598907470703
0.631093978882
0.530004501343
0.550031661987
0.557184219360
0.571966171265
0.514030456543
0.539064407349
0.655174255371
0.622987747192
0.692844390869