0.447988510132
0.397920608521
0.627040863037
0.574111938477
0.637054443359
0.627040863037
0.640869140625
0.637054443359
0.646829605103
0.631809234619
0.644922256470
0.627994537354
0.628948211670
0.690937042236
0.643968582153
0.648021697998
0.653982162476
0.653028488159
0.651121139526
1.206874847412
0.423192977905
0.423908233643
0.622034072876
0.653982162476
0.667095184326
0.648975372314
0.672101974487
0.650882720947
0.658035278320
0.649213790894
0.447988510132
0.450849533081
0.426054000854
0.448942184448
0.436067581177
0.444889068604
0.449180603027
0.447988510132
0.501155853271
0.452041625977
0.440120697021
0.449895858765
0.449895858765
0.459194183350
0.461101531982
0.470876693726
0.459909439087
0.505924224854
0.483036041260
0.462055206299
0.472068786621
0.470876693726
0.469923019409
0.474929809570
0.481128692627
0.473022460938
0.504970550537
0.517129898071
0.478029251099
0.484943389893
0.491857528687
0.699043273926
0.481843948364
0.481128692627
0.486850738525
0.482082366943
0.483036041260
0.492811203003
0.487089157104
0.494003295898
0.519037246704
0.507831573486
0.497102737427
0.643968582153
0.694990158081
0.500917434692
0.525951385498
0.501155853271
0.669956207275
0.511169433594
0.513076782227
0.510931015015
0.511884689331
0.505924224854
0.504016876221
0.514030456543
0.521898269653
0.509023666382
0.517845153809
0.516176223755
0.519037246704
0.519990921021
0.517129898071
0.819921493530
0.529050827026
0.519990921021
0.519037246704
0.576972961426
0.550031661987
0.545024871826
0.530958175659
