0.437021255493
0.586986541748
0.397920608521
0.401973724365
0.560998916626
0.562906265259
0.586986541748
0.584125518799
0.566959381104
0.588893890381
0.636100769043
0.447034835815
0.421047210693
0.421047210693
0.598907470703
0.418901443481
0.587940216064
0.630140304565
0.585079193115
0.611066818237
0.602960586548
0.621080398560
0.603914260864
0.617980957031
0.643968582153
0.605106353760
0.599145889282
0.616073608398
0.588893890381
0.608921051025
0.614881515503
0.607013702393
0.602006912231
0.622987747192
0.617980957031
0.623941421509
0.660896301270
0.616073608398
0.636816024780
0.604867935181
0.607013702393
0.633955001831
0.662088394165
0.611066818237
0.616073608398
0.626087188721
0.626087188721
0.669956207275
0.621080398560
0.627994537354
0.665903091431
0.664949417114
0.626087188721
0.667095184326
0.630855560303
0.628948211670
0.648021697998
0.662088394165
0.691890716553
0.669956207275
0.659942626953
0.656127929688
0.647068023682
0.677824020386
0.644922256470
0.757932662964
0.749111175537
0.604152679443
0.509977340698
0.724077224731
0.635147094727
0.809907913208
0.596046447754
0.648021697998
0.818967819214
0.540971755981
0.580072402954
0.512838363647
0.509977340698
0.549793243408
0.653982162476
0.918865203857
0.553846359253
0.596046447754
0.653028488159
0.566005706787
0.662088394165
0.823974609375
0.966072082520
0.615119934082
0.577211380005
0.813007354736
0.827074050903
0.864028930664
0.920772552490
0.975847244263
0.972032546997
0.825881958008
0.823020935059
0.920057296753
0.984191894531
