0.443935394287
0.391960144043
0.398159027100
0.409126281738
0.394105911255
0.401020050049
0.406026840210
0.442028045654
0.404119491577
0.403881072998
0.431060791016
0.411033630371
0.417947769165
0.410795211792
0.594854354858
0.409126281738
0.432968139648
0.425100326538
0.423908233643
0.421047210693
0.587224960327
0.422000885010
0.433921813965
0.576972961426
0.432014465332
0.424861907959
0.432014465332
0.427961349487
0.435113906860
0.440120697021
0.465869903564
0.443935394287
0.435113906860
0.455141067505
0.433206558228
0.445842742920
0.440120697021
0.450849533081
0.436067581177
0.455856323242
0.441074371338
0.451087951660
0.464916229248
0.458955764771
0.468969345093
0.451087951660
0.463008880615
0.451803207397
0.450134277344
0.459909439087
0.470876693726
0.495910644531
0.462055206299
0.473022460938
0.519990921021
0.472068786621
0.517845153809
0.472068786621
0.467061996460
0.483036041260
0.466108322144
0.497817993164
0.482082366943
0.485181808472
0.477075576782
0.483989715576
0.658988952637
0.663042068481
0.479221343994
0.495910644531
0.487089157104
0.695943832397
0.678062438965
0.704050064087
0.677824020386
0.660896301270
0.670909881592
0.729799270630
0.676155090332
0.703096389771
0.689983367920
0.661849975586
1.374006271362
0.700950622559
0.689029693604
0.710010528564
0.688791275024
0.691890716553
0.805854797363
0.652790069580
0.630855560303
0.658988952637
0.647068023682
0.915050506592
0.671148300171
0.669002532959
0.575065612793
0.658035278320
0.571966171265
0.651121139526
0.553846359253
