0.449180603027
0.397920608521
0.401020050049
0.414848327637
0.404119491577
0.433206558228
0.426054000854
0.425815582275
0.403881072998
0.615119934082
0.668048858643
0.423908233643
0.411033630371
0.431776046753
0.646114349365
0.593900680542
0.649929046631
0.633955001831
0.666141510010
0.647783279419
0.652074813843
0.661134719849
0.643968582153
0.666141510010
0.689029693604
1.213788986206
0.659942626953
0.651836395264
0.677108764648
0.670194625854
0.672817230225
0.662088394165
0.674962997437
0.658988952637
1.718997955322
0.445127487183
0.459909439087
0.643014907837
0.640869140625
0.692844390869
0.679016113281
0.643014907837
0.643014907837
0.680923461914
0.694990158081
0.462055206299
0.681161880493
0.702142715454
0.465869903564
0.467061996460
0.458955764771
0.472784042358
0.491142272949
0.469923019409
0.474929809570
0.472068786621
0.480890274048
0.474929809570
0.491142272949
0.478982925415
0.487089157104
0.488042831421
0.478029251099
0.693082809448
0.707864761353
0.792026519775
0.486135482788
0.646829605103
0.701189041138
0.704050064087
0.823020935059
0.746965408325
0.668048858643
0.710964202881
0.729084014893
0.686883926392
0.720024108887
0.737190246582
0.733137130737
0.704050064087
0.667095184326
0.720977783203
0.735044479370
0.736951828003
0.719070434570
0.746011734009
0.739097595215
0.731945037842
0.576019287109
0.516891479492
0.680923461914
0.784873962402
0.756025314331
0.866174697876
0.761032104492
0.751972198486
0.714063644409
0.746011734009
0.759840011597
0.752925872803
0.748872756958
