0.583171844482
0.473976135254
0.422000885010
0.434875488281
0.463008880615
0.455141067505
0.463008880615
0.463008880615
0.500917434692
0.463008880615
0.429153442383
0.550985336304
0.646114349365
0.797986984253
0.639915466309
0.782966613770
0.782966613770
0.650882720947
0.731945037842
0.766992568970
0.769853591919
0.683069229126
0.645875930786
0.682115554810
0.737905502319
0.660896301270
0.698804855347
0.477075576782
0.641107559204
11.358022689819
0.447988510132
0.451087951660
0.430107116699
0.456809997559
0.435113906860
0.445842742920
0.447034835815
0.457048416138
0.445127487183
0.455856323242
0.591993331909
0.467061996460
0.449895858765
0.711917877197
0.669002532959
0.451803207397
0.458955764771
0.474929809570
0.458955764771
0.458002090454
0.465154647827
0.472068786621
0.472068786621
0.470876693726
0.471830368042
0.482082366943
0.616073608398
0.480175018311
0.608205795288
0.633001327515
0.864028930664
0.819206237793
0.846147537231
0.844955444336
0.776052474976
0.825881958008
0.900983810425
0.908136367798
0.679969787598
0.537157058716
1.081943511963
0.498056411743
0.508069992065
0.517845153809
0.492095947266
0.504970550537
0.664949417114
0.504016876221
0.661134719849
0.507831573486
0.504016876221
0.515937805176
0.506877899170
0.518083572388
0.545978546143
0.672101974487
3.173828125000
0.780105590820
3.450870513916
0.579833984375
0.841140747070
0.859022140503
0.868797302246
0.980854034424
0.949859619141
0.895023345947
0.834941864014
0.911951065063
0.911951065063
0.854969024658
3.509044647217
