0.535964965820
0.891923904419
0.465154647827
0.549793243408
0.869035720825
0.498056411743
1.295089721680
0.885963439941
0.530004501343
0.670909881592
0.499963760376
0.532150268555
0.530004501343
0.536918640137
0.511884689331
0.567913055420
0.536918640137
0.939846038818
0.581979751587
0.548124313354
0.555992126465
0.552177429199
0.516176223755
0.558853149414
0.556945800781
0.634908676147
0.721216201782
0.851869583130
0.693082809448
0.556945800781
0.530958175659
0.665903091431
0.531911849976
0.878095626831
0.569105148315
0.578880310059
0.540971755981
0.537872314453
0.711917877197
0.735044479370
0.751972198486
0.735044479370
0.730037689209
0.735998153687
0.734090805054
0.750064849854
0.809907913208
0.749111175537
0.547170639038
0.613927841187
0.546932220459
0.567197799683
0.554084777832
0.540971755981
0.550985336304
0.552892684937
0.554084777832
0.555038452148
0.792980194092
0.782012939453
0.569820404053
0.607013702393
0.824928283691
0.570058822632
0.562906265259
0.567197799683
0.577926635742
0.573158264160
0.571966171265
0.577926635742
0.567913055420
0.574827194214
0.579118728638
0.571012496948
0.581979751587
0.627994537354
0.616073608398
0.705003738403
0.619888305664
0.645160675049
1.023054122925
1.055955886841
1.013994216919
1.194953918457
0.939130783081
0.967979431152
0.905036926270
0.912904739380
0.906944274902
1.007080078125
4.971981048584
4.596948623657
0.633955001831
0.648975372314
1.025199890137
0.651836395264
0.761985778809
0.651121139526
0.758171081543
0.626087188721
0.652074813843
