0.452995300293
0.403165817261
0.422954559326
0.410079956055
0.669002532959
0.646829605103
0.651121139526
0.662803649902
0.709056854248
0.618934631348
0.670909881592
0.638008117676
0.432968139648
0.429868698120
0.612974166870
0.623941421509
0.620841979980
0.669956207275
0.654220581055
0.658035278320
0.662088394165
0.631809234619
0.603914260864
0.613927841187
0.694036483765
0.672101974487
0.679969787598
0.673055648804
0.443220138550
0.676870346069
0.654220581055
0.682115554810
0.725030899048
0.645875930786
0.476837158203
0.667810440063
0.687837600708
0.689983367920
0.693798065186
0.680208206177
0.692129135132
0.465869903564
0.721931457520
0.693082809448
0.699996948242
0.658988952637
0.473022460938
0.689029693604
0.711917877197
0.743150711060
0.707864761353
0.693082809448
0.716924667358
0.705003738403
0.702857971191
0.733852386475
0.715970993042
0.643014907837
0.720977783203
0.718116760254
0.724077224731
0.694036483765
0.489950180054
0.740051269531
0.673055648804
0.713109970093
0.740051269531
0.638008117676
0.832080841064
0.856876373291
0.802040100098
0.979185104370
1.073122024536
0.846147537231
0.817060470581
0.931024551392
1.041173934937
1.046180725098
1.054048538208
1.019954681396
0.967025756836
1.074075698853
0.955104827881
0.841856002808
0.857114791870
0.859975814819
1.094102859497
0.871896743774
0.886917114258
0.550985336304
1.056909561157
1.049041748047
0.962972640991
0.748872756958
0.655174255371
0.660896301270
1.093864440918
1.089096069336
1.068830490112
1.042127609253
0.775098800659
