0.447988510132
0.391960144043
0.397920608521
0.396966934204
0.434160232544
0.399827957153
0.408887863159
0.406980514526
0.408887863159
0.412940979004
0.543117523193
0.419139862061
0.408887863159
0.411987304688
0.549077987671
0.429868698120
0.416994094849
0.415802001953
0.411033630371
0.420808792114
0.464916229248
0.531196594238
0.442981719971
0.607967376709
0.519990921021
0.498056411743
0.756978988647
0.759840011597
0.676155090332
0.697135925293
0.799894332886
0.765085220337
0.698089599609
0.797033309937
0.771999359131
0.781059265137
0.793933868408
0.696897506714
0.771045684814
0.734806060791
0.767946243286
0.858068466187
0.885963439941
0.581979751587
0.502109527588
0.621080398560
0.624895095825
0.476837158203
0.811100006104
0.699043273926
0.519037246704
0.480890274048
0.472068786621
0.473976135254
0.597000122070
0.481128692627
0.660896301270
0.638961791992
0.648975372314
0.680923461914
0.643014907837
0.653982162476
0.656843185425
0.660181045532
0.663042068481
0.663042068481
0.650167465210
0.656843185425
0.661849975586
0.697851181030
0.715017318726
0.663042068481
0.664949417114
0.649213790894
0.727891921997
0.703811645508
0.689029693604
0.684976577759
0.672101974487
0.689029693604
0.753879547119
0.683069229126
0.720024108887
0.699996948242
0.719070434570
0.695943832397
0.666141510010
0.712871551514
0.775098800659
0.684976577759
0.705957412720
0.716924667358
0.699043273926
0.809192657471
0.889062881470
0.555992126465
0.578165054321
0.586032867432
0.621795654297
0.668048858643
0.853061676025
