21160.465002059937
1236.134052276611
915.360927581787
1227.849006652832
921.440124511719
1229.082822799683
1536.864042282104
928.878068923950
915.146112442017
1233.482837677002
917.922019958496
1227.533102035522
921.063899993896
1228.234052658081
922.919034957886
1227.870941162109
927.649974822998
914.988994598389
1178.627967834473
977.848052978516
1023.778915405273
1120.550155639648
1232.486963272095
818.804979324341
1331.377983093262
919.357061386108
928.839921951294
1221.646070480347
922.260046005249
1227.010965347290
921.706914901733
1229.362964630127
921.061992645264
1228.785037994385
927.241086959839
916.075944900513
1230.978012084961
924.503087997437
1227.227926254272
927.639007568359
1221.159934997559
928.329944610596
1528.946161270142
452.364921569824
1083.194017410278
1228.126049041748
924.088001251221
1008.822917938232
1140.331983566284
1227.537155151367
921.704769134521
1536.329030990601
1228.486061096191
921.522140502930
1233.592987060547
916.307926177979
1236.077070236206
929.103851318359
915.370941162109
1220.212221145630
923.771858215332
1228.858947753906
920.049190521240
1228.345870971680
921.586990356445
1229.403972625732
1228.357076644897
921.746969223022
921.626091003418
1229.971885681152
920.783996582031
928.771018981934
1220.818996429443
924.004077911377
1226.388931274414
927.289009094238
1224.172115325928
920.740842819214
1228.974103927612
922.641038894653
1535.609006881714
1126.609802246094
410.405158996582
1227.308988571167
1228.625059127808
921.420812606812
923.810005187988
1227.252006530762
921.322107315063
1235.784053802490
913.978815078735
924.058198928833
1535.967826843262
612.859964370728
1234.561204910278
916.803836822510
1534.929990768433
618.623971939087
1224.255084991455
927.429914474487
1235.728025436401
