0.450134277344
0.456094741821
0.583171844482
0.563144683838
0.577926635742
0.604152679443
0.607967376709
0.592947006226
0.594854354858
0.602006912231
0.602006912231
0.623941421509
0.586032867432
0.619888305664
0.592947006226
0.622987747192
0.580072402954
0.602006912231
0.588178634644
0.606060028076
0.622987747192
0.629901885986
0.678062438965
0.638961791992
0.664949417114
0.615835189819
0.428915023804
0.447034835815
0.712871551514
0.620841979980
0.440120697021
0.470161437988
0.436067581177
0.508069992065
0.440835952759
0.451087951660
0.452041625977
0.446796417236
0.458955764771
0.457048416138
0.468969345093
0.456094741821
0.463008880615
0.582933425903
0.458002090454
0.469923019409
0.525951385498
0.483036041260
0.491142272949
0.460863113403
0.463008880615
0.473022460938
0.463008880615
0.469923019409
0.476837158203
0.494003295898
0.477790832520
0.494003295898
0.474214553833
0.485897064209
0.658988952637
0.641107559204
0.687837600708
0.654935836792
0.690937042236
0.674009323120
0.678062438965
0.694036483765
0.672817230225
0.669956207275
0.715970993042
0.665903091431
0.689029693604
0.689983367920
0.765085220337
0.694036483765
0.673770904541
0.694036483765
0.691890716553
0.705957412720
0.686883926392
0.536203384399
0.689029693604
0.730991363525
0.670909881592
0.705003738403
0.724077224731
0.527143478394
0.515937805176
0.508785247803
0.657081604004
0.525951385498
0.529050827026
0.739097595215
0.530004501343
0.580072402954
0.540018081665
0.524044036865
0.534057617188
0.524044036865
0.529050827026
