0.414848327637
0.404834747314
0.435113906860
0.399112701416
0.604867935181
1.286983489990
0.416040420532
0.411987304688
0.435829162598
0.632047653198
0.633001327515
0.643014907837
0.632047653198
0.658035278320
0.648975372314
0.646114349365
0.670909881592
0.631809234619
0.640869140625
0.609159469604
0.680923461914
0.670194625854
0.646114349365
0.642061233521
0.675916671753
0.656843185425
0.620841979980
0.617027282715
0.648021697998
0.678062438965
1.457929611206
0.637054443359
0.669002532959
0.666856765747
0.622034072876
0.627994537354
0.703096389771
0.787019729614
0.478982925415
0.514984130859
0.766038894653
0.509023666382
0.509023666382
0.497102737427
0.487089157104
0.550985336304
0.555992126465
0.533819198608
0.496149063110
0.745058059692
0.754833221436
0.519037246704
0.498056411743
0.685930252075
0.575065612793
0.628948211670
0.576972961426
0.524044036865
0.650882720947
0.532865524292
0.648975372314
0.608921051025
0.581026077271
0.806093215942
0.524997711182
0.504016876221
0.802993774414
0.559091567993
0.627994537354
0.722169876099
0.558137893677
0.818014144897
0.844955444336
0.636816024780
0.561952590942
0.563859939575
0.633001327515
0.566005706787
0.566959381104
0.628948211670
0.638961791992
0.995159149170
0.575065612793
0.662088394165
0.547885894775
0.562906265259
0.855922698975
0.658035278320
0.557184219360
0.602960586548
0.795125961304
0.650882720947
0.919103622437
0.682115554810
0.651836395264
0.883102416992
0.580072402954
0.639200210571
0.587940216064
0.573873519897
0.602960586548