17472.579002380371
945.893049240112
1518.621921539307
615.690946578979
1227.303028106689
918.920040130615
1237.447023391724
917.195081710815
1223.909854888916
770.282030105591
1073.746919631958
1228.891134262085
917.791843414307
1235.608100891113
1468.060016632080
689.976930618286
914.112091064453
1062.877893447876
1097.337961196899
1220.299005508423
1227.329015731812
916.906118392944
1278.352975845337
880.142927169800
919.991970062256
1223.044157028198
1240.833044052124
916.055917739868
918.367862701416
1223.265171051025
921.319007873535
1229.228973388672
921.239852905273
929.579019546509
1223.673105239868
919.269084930420
1538.928985595703
614.054918289185
1225.539922714233
924.204111099243
1229.002952575684
926.239013671875
1237.617015838623
917.062044143677
915.745019912720
1224.182844161987
928.601026535034
1221.284151077271
923.381805419922
1536.513090133667
612.378120422363
1244.131803512573
907.819986343384
1229.408025741577
922.101974487305
1236.788988113403
2349.412202835083
1028.841972351074
914.085865020752
925.126075744629
1226.340055465698
920.451879501343
1234.815120697021
916.924953460693
1233.473062515259
915.233850479126
926.423072814941
1232.140064239502
914.095878601074
1228.559017181396
922.539949417114
2339.457035064697
459.465026855469
988.896131515503
818.617820739746
926.166057586670
916.976928710938
931.094169616699
1224.303007125854
918.797016143799
1019.101858139038
1129.616975784302
1230.024099349976
937.583923339844
908.040046691895
1123.547077178955
1642.259836196899
613.044023513794
832.587957382202
1318.209171295166
1223.342895507812
1232.593059539795
620.279073715210
1116.688966751099
1028.106927871704
918.297052383423
1233.108043670654
918.751955032349
1235.054969787598
918.184995651245
1229.665040969849
