0.441789627075
0.395059585571
0.391960144043
0.428199768066
0.411987304688
0.406980514526
0.420093536377
0.398874282837
0.405073165894
0.591993331909
0.414133071899
0.406026840210
0.449180603027
0.437021255493
0.563144683838
0.550031661987
0.468969345093
0.437021255493
0.653028488159
0.758171081543
0.672101974487
0.505924224854
0.474929809570
0.674962997437
0.678062438965
0.646829605103
0.753879547119
0.675916671753
0.761985778809
0.578880310059
0.473976135254
0.537872314453
0.539064407349
0.488996505737
0.579118728638
0.768899917603
0.684976577759
0.826120376587
0.740051269531
0.689029693604
0.757932662964
0.771999359131
0.792026519775
0.800848007202
0.772953033447
0.489950180054
0.504016876221
0.725030899048
0.749111175537
0.802993774414
0.715017318726
0.698089599609
0.694990158081
0.797033309937
0.825166702271
0.732898712158
0.758171081543
0.746011734009
0.776052474976
0.750064849854
0.771999359131
0.480890274048
0.643968582153
0.670909881592
0.829935073853
0.826835632324
0.862836837769
0.596046447754
0.809907913208
0.779151916504
0.869035720825
0.830173492432
0.791072845459
0.880002975464
0.799894332886
0.818014144897
0.603199005127
0.838994979858
0.856161117554
0.831127166748
0.820159912109
0.777959823608
0.813007354736
0.925064086914
0.831127166748
0.805854797363
0.838041305542
0.634908676147
0.571966171265
0.823974609375
0.842094421387
0.926971435547
0.825166702271
1.026868820190
0.833988189697
0.830173492432
0.885963439941
0.899076461792
0.956058502197
0.934839248657
0.849008560181
