0.446081161499
0.603914260864
0.597953796387
0.607013702393
0.582933425903
0.607967376709
0.632047653198
0.592947006226
0.586986541748
0.587940216064
0.614166259766
0.576019287109
0.612020492554
0.616073608398
0.653028488159
0.441074371338
0.993967056274
0.619173049927
0.619173049927
0.627040863037
0.594139099121
0.657081604004
0.639915466309
0.602960586548
0.617027282715
0.583887100220
0.614881515503
0.612974166870
0.600099563599
0.695943832397
0.612020492554
0.450849533081
0.434160232544
0.434160232544
0.457048416138
0.452995300293
0.442028045654
0.600099563599
0.447988510132
0.449895858765
0.447988510132
0.619888305664
0.452041625977
0.457048416138
0.608921051025
0.466108322144
0.452995300293
0.466823577881
0.513076782227
0.469923019409
0.460863113403
0.486135482788
0.468015670776
0.496149063110
0.475168228149
0.470161437988
0.495910644531
0.475883483887
0.473022460938
0.480890274048
0.479936599731
0.479936599731
0.481843948364
0.634908676147
0.490903854370
0.480175018311
0.771999359131
0.690937042236
0.479936599731
0.486135482788
0.488042831421
0.504970550537
0.535964965820
0.548839569092
0.509023666382
0.541925430298
0.501155853271
0.494003295898
0.532865524292
0.492811203003
0.515937805176
0.688076019287
0.712871551514
0.658988952637
0.904083251953
0.932931900024
0.984191894531
0.874042510986
0.880002975464
0.831842422485
0.839948654175
0.864028930664
0.806808471680
0.946998596191
0.906944274902
0.831842422485
0.852823257446
0.820875167847
0.876903533936
1.720905303955
0.527858734131
