0.447034835815
0.416994094849
0.442028045654
0.406980514526
0.408887863159
0.406026840210
0.637054443359
0.642061233521
0.622987747192
0.479936599731
0.422000885010
0.417947769165
0.412940979004
0.611066818237
0.648975372314
0.654935836792
0.691890716553
0.653028488159
0.657081604004
0.680208206177
0.630140304565
0.422000885010
0.642061233521
0.650167465210
0.756978988647
0.646829605103
0.438928604126
0.437974929810
0.669002532959
0.668048858643
2.553939819336
0.477075576782
0.675916671753
0.642061233521
0.665903091431
0.694036483765
0.727176666260
0.452995300293
0.676155090332
0.673055648804
0.609874725342
0.461101531982
0.463008880615
0.462055206299
0.458002090454
0.462770462036
0.486850738525
0.455856323242
0.468015670776
0.466108322144
0.465869903564
0.468015670776
0.480175018311
0.470876693726
0.478982925415
0.468015670776
0.471830368042
0.668048858643
0.486135482788
0.472068786621
0.684976577759
0.494956970215
0.473022460938
0.765800476074
0.476121902466
0.487804412842
0.499010086060
0.487089157104
0.493049621582
0.494003295898
0.498056411743
0.494003295898
0.513076782227
0.494956970215
0.515937805176
0.504016876221
0.514030456543
0.501871109009
0.508069992065
0.507831573486
0.523090362549
0.511884689331
0.509977340698
0.730037689209
0.518083572388
0.505924224854
0.734090805054
0.539064407349
0.785112380981
0.543117523193
0.584840774536
0.535964965820
0.525951385498
0.606060028076
0.530004501343
0.528097152710
0.528097152710
0.530004501343
0.536918640137
0.540018081665
0.531911849976
