0.571966171265
0.554800033569
0.455856323242
0.501871109009
0.441074371338
0.432014465332
0.459909439087
0.486850738525
0.524044036865
0.461816787720
0.457048416138
0.756978988647
0.441074371338
0.574111938477
0.468015670776
0.462055206299
0.578880310059
0.501155853271
0.478029251099
0.614881515503
0.586032867432
0.479936599731
0.487089157104
0.507116317749
0.457048416138
0.581026077271
0.790119171143
0.491857528687
0.578880310059
0.522136688232
0.637054443359
0.566959381104
0.537872314453
0.499963760376
0.462055206299
0.571012496948
0.474929809570
0.499010086060
0.437974929810
0.509023666382
0.470876693726
0.492095947266
0.467777252197
0.507116317749
0.460147857666
0.545024871826
0.505924224854
0.510931015015
0.537157058716
0.514030456543
0.593900680542
0.491142272949
0.493049621582
0.465869903564
0.520944595337
0.766038894653
0.508069992065
0.796079635620
0.621080398560
0.555992126465
0.630140304565
0.592947006226
0.769853591919
0.511884689331
0.535011291504
0.519037246704
0.527143478394
0.566005706787
0.523805618286
0.633955001831
0.649929046631
0.522136688232
0.583171844482
0.548839569092
0.630140304565
0.581979751587
0.859975814819
0.644922256470
0.519990921021
0.628948211670
0.610113143921
0.551939010620
0.546932220459
0.527858734131
0.555992126465
0.674962997437
0.545978546143
0.560998916626
0.630140304565
0.615835189819
0.778913497925
0.545024871826
0.609159469604
0.808954238892
0.524044036865
0.545978546143
0.555038452148
2.817869186401
0.554084777832
0.533103942871
0.683069229126
