17785.037994384766
627.648830413818
1529.725074768066
613.595962524414
1222.564935684204
924.823999404907
1226.435184478760
921.921014785767
1234.413862228394
915.220022201538
923.495054244995
1061.954021453857
1398.560047149658
930.540800094604
921.861171722412
1228.703022003174
914.535999298096
1227.167844772339
1456.982135772705
688.185930252075
1227.921009063721
818.151950836182
1399.834156036377
857.492923736572
898.933887481689
1556.326150894165
618.752002716064
1232.116937637329
912.297964096069
1230.931997299194
1234.628915786743
918.857097625732
919.402122497559
1027.247905731201
1123.178005218506
921.848058700562
1225.019931793213
928.090095520020
1233.869791030884
793.888092041016
1349.469900131226
926.122188568115
1241.689920425415
903.769016265869
924.021005630493
1225.993871688843
920.763015747070
1430.915117263794
728.525876998901
1219.257116317749
922.765016555786
1236.244916915894
913.249969482422
1231.151103973389
920.414924621582
1231.034994125366
2355.352163314819
1031.323909759521
911.794900894165
918.915033340454
1232.373952865601
1228.053092956543
927.079916000366
916.442155838013
1228.253841400146
812.098979949951
1033.852100372314
1232.983112335205
914.617776870728
1227.950096130371
922.580003738403
1224.849939346313
1232.859134674072
929.261922836304
912.271976470947
1227.712154388428
1136.993885040283
1012.995004653931
928.649902343750
923.937082290649
1217.133998870850
930.468082427979
1227.880001068115
929.458856582642
906.378030776978
1230.773925781250
927.161216735840
1527.911901473999
930.989027023315
922.405004501343
913.564920425415
1542.989015579224
617.980003356934
915.076971054077
1229.640960693359
921.972990036011
1223.710060119629
925.653934478760
1227.555036544800
925.191164016724
1229.224920272827
