0.467061996460
0.400066375732
0.637054443359
0.633955001831
0.652074813843
0.626087188721
0.411987304688
0.407934188843
0.679969787598
0.669956207275
0.647068023682
0.638008117676
0.632047653198
0.634908676147
0.722885131836
0.657081604004
0.413894653320
0.422954559326
0.648021697998
0.644922256470
0.585794448853
0.427007675171
0.653028488159
0.434875488281
0.437974929810
0.433921813965
0.639915466309
0.649929046631
0.443935394287
0.464200973511
0.439167022705
0.434875488281
5.497932434082
0.450849533081
0.437974929810
0.447034835815
0.445842742920
0.454902648926
0.458002090454
0.448942184448
0.452995300293
0.456094741821
0.459909439087
0.469923019409
0.453948974609
0.461101531982
0.468969345093
0.459909439087
0.458002090454
0.483989715576
0.463962554932
0.478029251099
0.457048416138
0.697851181030
0.784873962402
0.487089157104
0.481843948364
0.494003295898
0.560045242310
0.496149063110
0.475883483887
0.494003295898
0.480890274048
0.479936599731
0.497102737427
0.489950180054
0.493049621582
0.462770462036
0.669956207275
0.686883926392
0.976085662842
0.725984573364
0.721931457520
0.754833221436
0.766992568970
0.648021697998
0.725984573364
0.746011734009
0.725984573364
0.697135925293
0.492095947266
0.708103179932
0.741004943848
0.753164291382
0.742197036743
0.765800476074
0.735044479370
0.760078430176
0.685930252075
0.758886337280
0.742912292480
0.530958175659
0.728130340576
0.857114791870
0.715017318726
0.783920288086
0.785112380981
0.774145126343
0.762939453125
0.733852386475
0.735998153687
