0.478029251099
0.419139862061
0.395059585571
0.430107116699
0.409841537476
0.416994094849
0.412940979004
0.424861907959
0.413894653320
0.415086746216
0.951051712036
0.423908233643
0.415086746216
0.420093536377
0.424861907959
0.612974166870
0.431060791016
0.420093536377
0.433921813965
0.569105148315
0.437974929810
0.486135482788
0.439167022705
0.431060791016
0.437021255493
0.437021255493
0.452995300293
0.436067581177
0.435113906860
0.438928604126
0.448942184448
0.463962554932
0.457048416138
0.456094741821
0.451087951660
0.452995300293
0.442028045654
0.465154647827
0.455856323242
0.454902648926
0.597000122070
0.466108322144
0.456094741821
0.673055648804
0.464200973511
0.463008880615
0.471830368042
0.473022460938
0.485897064209
0.474929809570
0.473022460938
1.052856445312
0.472068786621
0.470876693726
0.478982925415
0.475168228149
0.486135482788
0.484943389893
0.492095947266
0.632047653198
0.486850738525
0.492811203003
0.479936599731
0.494956970215
0.483989715576
0.491857528687
0.489950180054
0.506877899170
0.494956970215
0.678062438965
0.495195388794
0.499010086060
0.498056411743
0.504016876221
0.499963760376
0.507116317749
0.523090362549
0.511169433594
0.531911849976
0.517129898071
0.525951385498
0.544786453247
0.538110733032
0.509977340698
0.518083572388
0.529050827026
0.529050827026
0.521898269653
0.526905059814
0.504970550537
0.527858734131
0.528097152710
0.525951385498
0.754833221436
0.531911849976
0.529050827026
0.577926635742
0.535964965820
0.528812408447
0.531911849976
0.524044036865
