0.443935394287
0.402927398682
0.586986541748
0.399112701416
0.417947769165
0.401973724365
0.404119491577
0.414133071899
0.413894653320
0.437021255493
0.415086746216
0.634908676147
0.625848770142
0.636100769043
0.618934631348
0.424146652222
0.420808792114
0.432014465332
0.414848327637
0.427961349487
0.421047210693
0.443935394287
0.433921813965
0.428199768066
0.437021255493
0.439882278442
0.455141067505
0.437021255493
0.433921813965
0.441074371338
0.505924224854
0.456094741821
0.457048416138
0.439882278442
0.685930252075
0.638008117676
0.649929046631
0.689029693604
0.668048858643
0.633955001831
0.687122344971
0.681161880493
0.642061233521
0.679969787598
0.643014907837
0.699996948242
0.646829605103
0.486850738525
0.458002090454
0.688076019287
0.648975372314
0.705957412720
1.166105270386
0.490188598633
0.702142715454
0.714778900146
0.656127929688
0.627994537354
0.689029693604
0.479936599731
0.482082366943
0.491857528687
0.524997711182
0.562191009521
0.504016876221
0.498056411743
0.496149063110
0.491857528687
0.488996505737
0.495195388794
0.493049621582
0.691890716553
0.689983367920
0.677108764648
1.353025436401
0.499010086060
0.725030899048
0.726938247681
0.724077224731
0.741958618164
0.710010528564
0.730991363525
0.733852386475
0.744819641113
0.741958618164
0.699043273926
0.766038894653
1.198053359985
0.525951385498
0.784158706665
0.761985778809
0.782966613770
0.741004943848
0.696897506714
0.865936279297
0.700950622559
0.721931457520
0.822067260742
0.704050064087
0.717878341675
0.741958618164