21152.227163314819
1238.763809204102
912.407159805298
1532.687902450562
616.805076599121
1229.084968566895
1539.406061172485
917.948961257935
932.733058929443
1224.305868148804
922.478914260864
1222.209215164185
924.202919006348
1225.327014923096
921.658992767334
1237.637042999268
920.238971710205
913.882017135620
1226.325035095215
922.784805297852
1067.058086395264
1088.227033615112
1231.239080429077
918.948888778687
1058.423042297363
1092.170000076294
918.003082275391
1234.663963317871
919.371843338013
1225.614070892334
922.034025192261
1234.061002731323
915.886878967285
1233.415126800537
914.376974105835
928.436040878296
1229.335069656372
914.806842803955
1234.602928161621
942.047119140625
1511.193037033081
623.625040054321
1216.825008392334
923.228025436401
923.581838607788
1228.532075881958
926.759958267212
982.693910598755
1167.426109313965
1223.943948745728
923.974990844727
2074.458122253418
689.373016357422
828.112840652466
1318.941116333008
923.644065856934
1228.617906570435
931.180953979492
912.651062011719
1228.206872940063
1234.459161758423
1221.242904663086
617.952108383179
1227.401018142700
924.052953720093
1060.173034667969
1090.976953506470
1225.704908370972
932.929039001465
1223.072052001953
916.496992111206
928.519964218140
1225.868940353394
921.689987182617
1224.359035491943
921.355962753296
1229.655981063843
920.734167098999
1229.462862014771
924.339056015015
1223.628044128418
925.806999206543
923.007965087891
1227.756977081299
915.947914123535
993.062019348145
1345.540046691895
1353.636980056763
613.777160644531
1238.089799880981
804.356098175049
1034.094095230103
1227.205991744995
921.097993850708
1229.908943176270
921.916007995605
1221.595048904419
921.953916549683
1229.099988937378
919.918060302734
1234.555006027222
