0.492811203003
0.401020050049
0.622034072876
0.642061233521
0.628948211670
0.725984573364
0.402927398682
0.406026840210
5.726814270020
0.414133071899
0.406026840210
0.432968139648
0.408887863159
0.413894653320
0.432968139648
0.437021255493
0.447034835815
0.406980514526
0.433921813965
0.418186187744
0.430107116699
0.498056411743
0.435829162598
0.430107116699
0.442028045654
0.437021255493
0.438928604126
0.453948974609
0.440120697021
0.438928604126
0.437974929810
0.432968139648
0.436067581177
0.491857528687
0.447034835815
0.449895858765
0.454902648926
0.447034835815
0.451087951660
0.474929809570
0.660896301270
0.672817230225
0.697851181030
0.685930252075
0.623941421509
0.698089599609
0.685930252075
0.631093978882
0.678062438965
0.466108322144
0.462055206299
0.546932220459
0.485897064209
0.476121902466
0.477075576782
0.523805618286
0.477075576782
0.544071197510
0.701904296875
0.483989715576
0.483036041260
0.492095947266
0.478982925415
0.489950180054
0.483989715576
0.487804412842
0.494003295898
0.496149063110
0.488042831421
0.485897064209
0.487089157104
0.493049621582
0.503063201904
0.499010086060
0.504970550537
0.497102737427
0.504016876221
0.499963760376
0.528097152710
0.735998153687
0.694990158081
0.746011734009
0.730991363525
0.735044479370
0.703096389771
0.678062438965
0.800132751465
0.533103942871
0.708818435669
0.757217407227
0.684976577759
0.763893127441
0.727891921997
0.802040100098
0.703096389771
0.815868377686
0.748872756958
0.746011734009
0.745058059692
0.751018524170
0.746965408325
