0.499010086060
0.454902648926
0.460863113403
0.566005706787
0.828981399536
0.668048858643
0.829935073853
0.675916671753
0.687837600708
0.684976577759
0.710964202881
0.616073608398
0.884056091309
0.770092010498
0.668048858643
0.694036483765
0.876188278198
0.709056854248
0.697135925293
0.864982604980
0.886201858521
0.668048858643
0.650167465210
0.440120697021
0.436067581177
0.437974929810
0.432968139648
0.432014465332
0.440120697021
0.452041625977
0.445127487183
0.452995300293
0.438928604126
0.456094741821
0.447988510132
0.483989715576
0.640869140625
0.449895858765
0.456809997559
0.473976135254
0.458955764771
0.463008880615
0.452995300293
0.458955764771
0.477075576782
0.459909439087
0.461101531982
0.468015670776
0.458955764771
0.462055206299
0.464200973511
0.480890274048
0.465869903564
0.464916229248
0.483989715576
0.468969345093
0.483989715576
0.656127929688
0.480890274048
0.779867172241
0.504016876221
0.496149063110
0.492811203003
0.485897064209
0.485897064209
0.487804412842
0.494956970215
0.483036041260
0.494956970215
0.488042831421
0.487089157104
0.523090362549
0.489950180054
0.503063201904
0.498056411743
0.678777694702
0.740051269531
0.749826431274
0.684022903442
0.725984573364
0.674962997437
0.747919082642
0.739097595215
0.713109970093
0.663995742798
0.751018524170
0.710010528564
0.703096389771
0.735998153687
0.752925872803
0.550031661987
1.089096069336
0.882148742676
1.053094863892
0.930786132812
1.058816909790
0.874042510986
0.864982604980
0.941038131714
1.013040542603
0.895977020264
