0.702857971191
0.416040420532
0.397920608521
0.403165817261
0.444173812866
0.395059585571
0.409841537476
0.403881072998
0.417947769165
0.406980514526
0.408887863159
0.428915023804
0.412940979004
0.416040420532
0.419855117798
0.413894653320
0.410795211792
0.432968139648
0.470876693726
0.438928604126
0.427961349487
0.443935394287
0.453948974609
0.426054000854
0.430107116699
0.427007675171
0.432968139648
0.428915023804
0.436067581177
0.438928604126
0.440120697021
0.443935394287
0.669956207275
0.649929046631
0.442981719971
0.435829162598
0.458002090454
0.445842742920
0.488996505737
0.447988510132
0.466108322144
0.455856323242
0.449895858765
0.635862350464
0.451087951660
0.468015670776
0.684022903442
0.485897064209
0.457048416138
0.467061996460
0.460863113403
0.483036041260
0.468015670776
0.462055206299
0.462055206299
0.473976135254
0.488996505737
0.475883483887
0.470161437988
0.473976135254
0.471115112305
0.672101974487
0.632047653198
0.478982925415
0.491142272949
0.974178314209
0.709056854248
0.481843948364
0.678062438965
0.538110733032
0.484943389893
0.495195388794
0.490903854370
0.550031661987
0.493049621582
0.540971755981
0.536918640137
0.555038452148
0.508069992065
0.503063201904
0.504016876221
0.577926635742
0.516891479492
0.526189804077
0.502109527588
0.511169433594
0.499010086060
0.521898269653
0.653028488159
0.727891921997
0.517129898071
0.524044036865
0.643968582153
0.821113586426
0.688076019287
0.717163085938
0.690937042236
0.745058059692
0.754117965698
0.733852386475
0.752925872803
