22764.359951019287
1171.571016311646
937.551021575928
949.589014053345
1183.099985122681
920.845985412598
1231.548070907593
901.762962341309
1255.691051483154
1018.836021423340
1134.413957595825
1228.738069534302
911.171913146973
920.765876770020
1536.573171615601
625.650882720947
1220.806121826172
918.234825134277
1225.377082824707
1126.967906951904
1024.651050567627
928.403139114380
1224.516868591309
930.603981018066
1231.564044952393
911.168098449707
1225.224971771240
939.506053924561
1317.108869552612
819.231033325195
1876.502037048340
172.523975372314
1633.471965789795
616.499900817871
920.117139816284
1227.668046951294
1242.416858673096
914.793968200684
925.904035568237
1223.165988922119
785.029172897339
1056.250810623169
1235.871076583862
926.141977310181
1224.309921264648
916.147232055664
1427.943944931030
722.105979919434
1233.679056167603
917.667865753174
1224.645137786865
925.774812698364
1240.468025207520
909.314155578613
919.809818267822
1231.914997100830
1225.714206695557
921.423912048340
918.314933776855
1231.065988540649
935.307979583740
1220.040082931519
916.831970214844
1228.706121444702
922.506809234619
923.971176147461
1227.169990539551
925.855875015259
1233.448982238770
1229.346036911011
911.561012268066
923.106908798218
1232.962131500244
915.163040161133
1242.403030395508
908.232927322388
1164.191961288452
880.933046340942
1334.233999252319
921.478033065796
922.608852386475
1251.509189605713
1206.565856933594
921.510934829712
934.231042861938
1215.958118438721
929.818868637085
1226.093053817749
1425.087928771973
1218.620061874390
359.445095062256
983.466863632202
1238.406181335449
912.933826446533
1548.391103744507
610.456943511963
1217.304944992065
926.716089248657
1226.408958435059
922.666072845459
1230.782032012939
